 
  ----jGRASP exec: java -Xss30g SortingLabClient
 Randomized Array
 Run	N			Sort1		Sort2		Sort3		Sort4		Sort5
 -----------------------------------------------------------------
 1		1000   	0.0012	0.0008	0.0068	0.0002	0.0065
 2		2000   	0.0005	0.0006	0.0325	0.0003	0.0118
 3		4000   	0.0013	0.0038	0.0126	0.0005	0.0178
 4		8000   	0.0012	0.0075	0.0480	0.0008	0.0681
 5		16000  	0.0032	0.0168	0.2092	0.0020	0.2735
 6		32000  	0.0077	0.0209	0.8974	0.0044	1.3037
 7		64000  	0.0109	0.0130	4.0466	0.0078	5.8992
 8		128000 	0.0244	0.0251	17.3109	0.0176	24.6221
 
 Ascending Array
 Run	N			Sort1		Sort2		Sort3		Sort4		Sort5
 -----------------------------------------------------------------
 0		1000   	0.0001	0.0001	0.0007	0.0010	0.0000
 1		2000   	0.0004	0.0002	0.0027	0.0038	0.0000
 2		4000   	0.0004	0.0005	0.0120	0.0175	0.0000
 3		8000   	0.0011	0.0005	0.0478	0.0784	0.0000
 4		16000  	0.0028	0.0019	0.1913	0.2511	0.0001
 5		32000  	0.0042	0.0024	0.7390	1.0094	0.0001
 6		64000  	0.0104	0.0062	2.9295	4.2230	0.0002
 7		128000 	0.0244	0.0118	11.7780	16.9294	0.0006
 
 Decesending Array
 Run	N			Sort1		Sort2		Sort3		Sort4		Sort5
 -----------------------------------------------------------------
 0		1000   	0.0002	0.0001	0.0032	0.0011	0.0000
 1		2000   	0.0004	0.0003	0.0038	0.0048	0.0000
 2		4000   	0.0008	0.0003	0.0144	0.0197	0.0000
 3		8000   	0.0011	0.0006	0.0546	0.0813	0.0000
 4		16000  	0.0023	0.0018	0.2408	0.2936	0.0001
 5		32000  	0.0043	0.0035	0.7909	1.0763	0.0002
 6		64000  	0.0097	0.0056	3.0609	4.2579	0.0002
 7		128000 	0.0243	0.0123	13.3151	17.3502	0.0004
 
  ----jGRASP: operation complete.
 
  ----jGRASP exec: java -Xss30g SortingLabClient
 Randomized Array
 Run	N			Sort1		Sort2		Sort3		Sort4		Sort5
 -----------------------------------------------------------------
 1		1000   	0.0009	0.0008	0.0079	0.0004	0.0102
 2		2000   	0.0011	0.0007	0.0341	0.0003	0.0136
 3		4000   	0.0036	0.0004	0.0319	0.0005	0.0176
 4		8000   	0.0092	0.0007	0.1398	0.0011	0.0635
 5		16000  	0.0242	0.0027	0.5773	0.0023	0.3358
 6		32000  	0.0091	0.0049	2.3359	0.0068	1.3622
 7		64000  	0.0158	0.0080	11.9888	0.0111	6.4336
 8		128000 	0.0308	0.0176	40.3358	0.0300	25.8583
 
 Ascending Array
 Run	N			Sort1		Sort2		Sort3		Sort4		Sort5
 -----------------------------------------------------------------
 0		1000   	0.0001	0.0007	0.0020	0.0001	0.0000
 1		2000   	0.0001	0.0024	0.0076	0.0002	0.0000
 2		4000   	0.0005	0.0098	0.0317	0.0004	0.0000
 3		8000   	0.0014	0.0493	0.1274	0.0013	0.0000
 4		16000  	0.0028	0.1676	0.5203	0.0022	0.0000
 5		32000  	0.0029	0.7675	2.0975	0.0040	0.0001
 6		64000  	0.0127	3.0437	12.9954	0.0189	0.0003
 7		128000 	0.0252	20.4732	55.7521	0.0430	0.0007
 
 Decesending Array
 Run	N			Sort1		Sort2		Sort3		Sort4		Sort5
 -----------------------------------------------------------------
 0		1000   	0.0001	0.0008	0.0084	0.0002	0.0000
 1		2000   	0.0003	0.0055	0.0160	0.0004	0.0000
 2		4000   	0.0007	0.0146	0.0489	0.0009	0.0000
 3		8000   	0.0011	0.0738	0.2113	0.0019	0.0000
 4		16000  	0.0038	0.3633	1.1248	0.0051	0.0001
 5		32000  	0.0087	1.3362	3.6240	0.0074	0.0001
 6		64000  	0.0155	4.7047	9.3541	0.0101	0.0002
 7		128000 	0.0155	15.5025	50.8080	0.0184	0.0004
 
  ----jGRASP: operation complete.
 